#PATH-POINTS-START Path
29.444,-150.048,120,0
31.444,-150.053,120
33.444,-150.066,120
35.444,-150.085,120
37.444,-150.106,120
39.444,-150.127,120
41.444,-150.145,120
43.444,-150.159,120
45.444,-150.165,120
47.444,-150.162,120
49.443,-150.147,120
51.443,-150.119,120
53.443,-150.074,120
55.442,-150.011,120
57.44,-149.928,120
59.437,-149.823,120
61.433,-149.693,120
63.427,-149.537,120
65.418,-149.353,120
67.407,-149.138,120
69.391,-148.89,120
71.372,-148.609,120
73.346,-148.293,120
75.315,-147.938,120
77.275,-147.544,120
79.227,-147.109,120
81.17,-146.633,120
83.101,-146.112,120
85.019,-145.547,120
86.924,-144.936,120
88.813,-144.279,120
90.684,-143.574,120
92.537,-142.822,120
94.37,-142.022,120
96.181,-141.174,120
97.97,-140.279,120
99.311,-139.568,120,0
99.311,-139.568,0,0
#PATH-POINTS-START Path
98.313,-140.566,120,0
99.916,-139.37,120
101.508,-138.159,120
103.087,-136.932,120
104.652,-135.686,120
106.2,-134.42,120
107.728,-133.13,120
109.235,-131.815,120
110.716,-130.471,120
112.17,-129.098,120
113.591,-127.691,120
114.978,-126.25,120
116.325,-124.771,120
117.629,-123.255,120
118.885,-121.699,120
120.089,-120.102,120
121.239,-118.466,120
122.329,-116.789,120
123.357,-115.074,120
124.322,-113.322,120
125.219,-111.534,120
126.051,-109.716,120
126.814,-107.867,120
127.511,-105.993,120
128.142,-104.095,120
128.711,-102.178,120
129.217,-100.243,120
129.664,-98.294,120
130.056,-96.333,120
130.393,-94.361,120
130.681,-92.382,120
130.921,-90.397,120
131.117,-88.406,120
131.272,-86.412,120
131.388,-84.416,120
131.468,-82.417,120
131.514,-80.418,120
131.528,-78.418,120
131.513,-76.418,120
131.469,-74.419,120
131.401,-72.42,120
131.309,-70.422,120
131.193,-68.425,120
131.057,-66.43,120
130.9,-64.436,120
130.751,-62.714,120,0
130.751,-62.714,0,0
#PATH-POINTS-START Path
19.962,-81.179,120,0
20.481,-79.248,120
21.011,-77.319,120
21.553,-75.394,120
22.105,-73.472,120
22.669,-71.553,120
23.245,-69.637,120
23.832,-67.725,120
24.43,-65.817,120
25.041,-63.913,120
25.664,-62.012,120
26.3,-60.116,120
26.948,-58.224,120
27.608,-56.336,120
28.283,-54.453,120
28.97,-52.575,120
29.672,-50.702,120
30.387,-48.835,120
31.118,-46.973,120
31.863,-45.117,120
32.624,-43.267,120
33.401,-41.424,120
34.195,-39.589,120
35.006,-37.761,120
35.835,-35.941,120
36.684,-34.129,120
37.551,-32.327,120
38.439,-30.535,120
39.349,-28.754,120
40.281,-26.985,120
41.237,-25.228,120
42.218,-23.485,120
43.225,-21.757,120
44.26,-20.046,120
45.326,-18.354,120
46.422,-16.681,120
47.553,-15.032,120
48.72,-13.407,120
49.925,-11.811,120
51.173,-10.248,120
52.465,-8.721,120
53.805,-7.237,120
55.197,-5.801,120
56.645,-4.422,120
58.183,-3.151,120,0
59.917,-2.154,120
61.689,-1.228,120
63.499,-0.377,120
65.342,0.399,120
67.216,1.098,120
69.117,1.72,120
71.041,2.264,120
72.985,2.732,120
74.946,3.123,120
76.921,3.442,120
78.905,3.69,120
80.897,3.869,120
82.894,3.983,120
84.893,4.035,120
86.893,4.028,120
88.892,3.966,120
90.889,3.852,120
92.882,3.689,120
94.871,3.482,120
96.855,3.233,120
98.834,2.944,120
100.808,2.62,120
102.776,2.263,120
104.738,1.876,120
106.694,1.46,120
108.645,1.02,120
110.591,0.557,120
112.531,0.072,120
114.467,-0.431,120
116.398,-0.95,120
117.776,-1.331,120,0
117.776,-1.331,0,0
#PATH.JERRYIO-DATA {"appVersion":"0.5.1","format":"path.jerryio v0.1.x (cm, rpm)","gc":{"robotWidth":46,"robotHeight":52,"robotIsHolonomic":false,"showRobot":true,"uol":1,"pointDensity":2,"controlMagnetDistance":5,"fieldImage":{"displayName":"VRC 2024 - Over Under","signature":"VRC 2024 - Over Under","origin":{"__type":"built-in"}}},"paths":[{"segments":[{"controls":[{"uid":"HkTdtJ8CiO","x":29.444037940379406,"y":-150.04814002556515,"lock":false,"visible":true,"heading":0,"__type":"end-point"},{"uid":"DgDVydMH0n","x":51.40230352303523,"y":-150.04814154854932,"lock":false,"visible":true,"__type":"control"},{"uid":"IkzS1smy3e","x":76.35487804878049,"y":-152.04434751060896,"lock":false,"visible":true,"__type":"control"},{"uid":"OSBsmK0QyK","x":99.31124661246612,"y":-139.56806024773633,"lock":false,"visible":true,"heading":0,"__type":"end-point"}],"speedProfiles":[],"lookaheadKeyframes":[],"uid":"ZCe2k5hpum"}],"pc":{"speedLimit":{"minLimit":{"value":0,"label":"0"},"maxLimit":{"value":600,"label":"600"},"step":1,"from":40,"to":120},"bentRateApplicableRange":{"minLimit":{"value":0,"label":"0"},"maxLimit":{"value":4,"label":"4"},"step":0.01,"from":1.4,"to":1.8}},"name":"Path","uid":"e3koWHuu77","lock":true,"visible":true},{"segments":[{"controls":[{"uid":"AwHujQsrtO","x":98.31314363143632,"y":-140.56616322876613,"lock":false,"visible":true,"heading":0,"__type":"end-point"},{"uid":"mFrrUp42RK","x":123.26571815718158,"y":-122.10125807971464,"lock":false,"visible":true,"__type":"control"},{"uid":"EQoKqG5s5I","x":134.7439024390244,"y":-106.63066187375259,"lock":false,"visible":true,"__type":"control"},{"uid":"EHTFuwM8J3","x":130.75149051490516,"y":-62.71413070844093,"lock":false,"visible":true,"heading":0,"__type":"end-point"}],"speedProfiles":[],"lookaheadKeyframes":[],"uid":"fNJ1NRcFWD"}],"pc":{"speedLimit":{"minLimit":{"value":0,"label":"0"},"maxLimit":{"value":600,"label":"600"},"step":1,"from":40,"to":120},"bentRateApplicableRange":{"minLimit":{"value":0,"label":"0"},"maxLimit":{"value":4,"label":"4"},"step":0.01,"from":1.4,"to":1.8}},"name":"Path","uid":"Et35pbtwZD","lock":true,"visible":false},{"segments":[{"controls":[{"uid":"sHlc92xZvN","x":19.962059620596207,"y":-81.17903585749242,"lock":false,"visible":true,"heading":0,"__type":"end-point"},{"uid":"Po41uz3Id3","x":28.445934959349565,"y":-49.2397404645385,"lock":false,"visible":true,"__type":"control"},{"uid":"yVN11CLZ9m","x":41.920325203252034,"y":-16.801393581069657,"lock":false,"visible":true,"__type":"control"},{"uid":"hGxU12Y6Tv","x":57.889972899728996,"y":-3.3270033371672163,"lock":false,"visible":true,"heading":0,"__type":"end-point"}],"speedProfiles":[],"lookaheadKeyframes":[],"uid":"Kvb5QD9w7I"},{"controls":[{"uid":"hGxU12Y6Tv","x":57.889972899728996,"y":-3.3270033371672163,"lock":false,"visible":true,"heading":0,"__type":"end-point"},{"uid":"tuHjJxaFCu","x":75.85582655826559,"y":7.652129454160697,"lock":false,"visible":true,"__type":"control"},{"uid":"mDi2qNx35J","x":96.3169376693767,"y":4.657820511071266,"lock":false,"visible":true,"__type":"control"},{"uid":"8u7wPEdArN","x":117.77615176151762,"y":-1.3307973751075957,"lock":false,"visible":true,"heading":0,"__type":"end-point"}],"speedProfiles":[],"lookaheadKeyframes":[],"uid":"3R9dveEPyQ"}],"pc":{"speedLimit":{"minLimit":{"value":0,"label":"0"},"maxLimit":{"value":600,"label":"600"},"step":1,"from":40,"to":120},"bentRateApplicableRange":{"minLimit":{"value":0,"label":"0"},"maxLimit":{"value":4,"label":"4"},"step":0.01,"from":1.4,"to":1.8}},"name":"Path","uid":"TEqGD7vBaG","lock":false,"visible":true}]}