#PATH-POINTS-START Path
29.444,-150.048,120,0
31.444,-150.039,120
33.444,-150.013,120
35.443,-149.967,120
37.442,-149.902,120
39.44,-149.817,120
41.438,-149.711,120
43.433,-149.583,120
45.428,-149.433,120
47.42,-149.259,120
49.411,-149.062,120
51.398,-148.841,120
53.383,-148.594,120
55.364,-148.323,120
57.342,-148.024,120
59.315,-147.7,120
61.284,-147.348,120
63.248,-146.967,120
65.206,-146.559,120
67.157,-146.122,120
69.102,-145.657,120
71.04,-145.162,120
72.97,-144.636,120
74.891,-144.081,120
76.804,-143.496,120
78.706,-142.88,120
80.599,-142.233,120
82.481,-141.555,120
84.351,-140.848,120
86.209,-140.108,120
88.055,-139.338,120
89.888,-138.538,120
91.707,-137.706,120
93.511,-136.844,120
95.301,-135.952,120
97.076,-135.029,120
98.131,-134.464,120,0
98.131,-134.464,0,0
#PATH-POINTS-START Path
97.509,-134.464,120,0
99.132,-133.294,120
100.734,-132.097,120
102.311,-130.868,120
103.86,-129.602,120
105.373,-128.294,120
106.846,-126.941,120
108.271,-125.538,120
109.642,-124.082,120
110.953,-122.572,120
112.198,-121.007,120
113.375,-119.39,120
114.482,-117.725,120
115.518,-116.014,120
116.488,-114.265,120
117.395,-112.483,120
118.242,-110.671,120
119.036,-108.836,120
119.783,-106.981,120
120.488,-105.109,120
121.156,-103.224,120
121.791,-101.327,120
122.398,-99.422,120
122.98,-97.508,120
123.542,-95.589,120
124.085,-93.664,120
124.612,-91.735,120
125.126,-89.802,120
125.628,-87.866,120
126.119,-85.927,120
126.602,-83.986,120
127.078,-82.044,120
127.548,-80.1,120
128.012,-78.154,120
128.472,-76.208,120
128.928,-74.261,120
129.38,-72.312,120
129.753,-70.699,120,0
129.753,-70.699,0,0
#PATH-POINTS-START Path
96.888,-23.29,120,0
95.001,-23.951,120
93.107,-24.594,120
91.207,-25.219,120
89.302,-25.827,120
87.392,-26.421,120
85.477,-26.999,120
83.559,-27.564,120
81.637,-28.117,120
79.712,-28.66,120
77.784,-29.193,120
75.854,-29.719,120
73.923,-30.238,120
71.991,-30.754,120
70.058,-31.267,120
68.125,-31.781,120
66.192,-32.296,120
64.261,-32.815,120
62.331,-33.341,120
60.404,-33.876,120
58.481,-34.424,120
56.561,-34.986,120
54.648,-35.568,120
52.741,-36.172,120
50.843,-36.802,120
48.955,-37.462,120
47.08,-38.157,120
45.22,-38.891,120
43.378,-39.671,120
41.558,-40.5,120
39.764,-41.385,120
38.002,-42.33,120
36.276,-43.341,120
34.594,-44.423,120
32.963,-45.579,120
31.39,-46.815,120
29.884,-48.13,120
28.453,-49.527,120
27.102,-51.001,120
25.84,-52.552,120
24.669,-54.173,120
23.593,-55.858,120
22.614,-57.602,120
21.73,-59.395,120
20.939,-61.232,120
20.237,-63.105,120
19.625,-65.009,120
19.093,-66.936,120
18.634,-68.883,120
18.25,-70.845,120
17.929,-72.819,120
17.67,-74.802,120
17.467,-76.792,120
17.317,-78.786,120
17.212,-80.783,120
17.156,-82.783,120
17.14,-84.782,120
17.16,-86.782,120
17.216,-88.781,120
17.39,-92.23,120,0
17.39,-92.23,0,0
#PATH.JERRYIO-DATA {"appVersion":"0.5.1","format":"path.jerryio v0.1.x (cm, rpm)","gc":{"robotWidth":46,"robotHeight":52,"robotIsHolonomic":false,"showRobot":true,"uol":1,"pointDensity":2,"controlMagnetDistance":5,"fieldImage":{"displayName":"VRC 2024 - Over Under","signature":"VRC 2024 - Over Under","origin":{"__type":"built-in"}}},"paths":[{"segments":[{"controls":[{"uid":"HkTdtJ8CiO","x":29.444037940379406,"y":-150.04814002556515,"lock":false,"visible":true,"heading":0,"__type":"end-point"},{"uid":"DgDVydMH0n","x":51.40230352303523,"y":-150.04814154854932,"lock":false,"visible":true,"__type":"control"},{"uid":"IkzS1smy3e","x":75.17415420191303,"y":-146.9399466220632,"lock":false,"visible":true,"__type":"control"},{"uid":"OSBsmK0QyK","x":98.13052276559866,"y":-134.46365935919056,"lock":false,"visible":true,"heading":0,"__type":"end-point"}],"speedProfiles":[],"lookaheadKeyframes":[],"uid":"ZCe2k5hpum"}],"pc":{"speedLimit":{"minLimit":{"value":0,"label":"0"},"maxLimit":{"value":600,"label":"600"},"step":1,"from":40,"to":120},"bentRateApplicableRange":{"minLimit":{"value":0,"label":"0"},"maxLimit":{"value":4,"label":"4"},"step":0.01,"from":1.4,"to":1.8}},"name":"Path","uid":"e3koWHuu77","lock":false,"visible":true},{"segments":[{"controls":[{"uid":"AwHujQsrtO","x":97.50944350758854,"y":-134.46365935919056,"lock":false,"visible":true,"heading":0,"__type":"end-point"},{"uid":"mFrrUp42RK","x":116.7629005059022,"y":-120.79991568296796,"lock":false,"visible":true,"__type":"control"},{"uid":"EQoKqG5s5I","x":120.48937605396291,"y":-110.86264755480607,"lock":false,"visible":true,"__type":"control"},{"uid":"EHTFuwM8J3","x":129.75338753387535,"y":-70.69895455667941,"lock":false,"visible":true,"heading":0,"__type":"end-point"}],"speedProfiles":[],"lookaheadKeyframes":[],"uid":"fNJ1NRcFWD"}],"pc":{"speedLimit":{"minLimit":{"value":0,"label":"0"},"maxLimit":{"value":600,"label":"600"},"step":1,"from":40,"to":120},"bentRateApplicableRange":{"minLimit":{"value":0,"label":"0"},"maxLimit":{"value":4,"label":"4"},"step":0.01,"from":1.4,"to":1.8}},"name":"Path","uid":"Et35pbtwZD","lock":false,"visible":true},{"segments":[{"controls":[{"uid":"sHlc92xZvN","x":96.88836424957842,"y":-23.290472175379428,"lock":false,"visible":true,"heading":0,"__type":"end-point"},{"uid":"Po41uz3Id3","x":51.5495784148398,"y":-39.4385328836425,"lock":false,"visible":true,"__type":"control"},{"uid":"0Pp2VmsXeM","x":13.6637436762226,"y":-33.84881956155143,"lock":false,"visible":true,"__type":"control"},{"uid":"hGxU12Y6Tv","x":17.390219224283307,"y":-92.23026981450253,"lock":false,"visible":true,"heading":0,"__type":"end-point"}],"speedProfiles":[],"lookaheadKeyframes":[],"uid":"Kvb5QD9w7I"}],"pc":{"speedLimit":{"minLimit":{"value":0,"label":"0"},"maxLimit":{"value":600,"label":"600"},"step":1,"from":40,"to":120},"bentRateApplicableRange":{"minLimit":{"value":0,"label":"0"},"maxLimit":{"value":4,"label":"4"},"step":0.01,"from":1.4,"to":1.8}},"name":"Path","uid":"TEqGD7vBaG","lock":false,"visible":true}]}