#PATH-POINTS-START Path
76.703,-141.296,120,0
77.077,-139.331,120
77.464,-137.368,120
77.843,-135.405,120
78.206,-133.438,120
78.545,-131.467,120
78.855,-129.491,120
79.133,-127.511,120
79.376,-125.525,120
79.582,-123.536,120
79.749,-121.543,120
79.875,-119.547,120
79.96,-117.549,120
80.003,-115.55,120
80,-113.55,120
79.954,-111.55,120
79.864,-109.552,120
79.728,-107.557,120
79.546,-105.565,120
79.318,-103.578,120
79.044,-101.597,120
78.724,-99.623,120
78.359,-97.657,120
77.948,-95.7,120
77.492,-93.752,120
76.992,-91.816,120
76.447,-89.892,120
75.857,-87.981,120
75.225,-86.083,120
74.552,-84.2,120
73.838,-82.332,120
73.081,-80.481,120
72.286,-78.645,120
71.454,-76.827,120
70.582,-75.027,120
69.675,-73.244,120
68.732,-71.481,120
67.754,-69.736,120
66.744,-68.01,120
65.701,-66.304,120
64.627,-64.617,120
63.523,-62.949,120
62.388,-61.302,120
61.228,-59.673,120
60.038,-58.065,120
58.823,-56.477,120
57.584,-54.907,120
55.587,-52.481,120,0
55.587,-52.481,0,0
#PATH-POINTS-START Path
54.344,-53.102,120,0
53.134,-51.51,120
51.923,-49.918,120
50.712,-48.327,120
49.501,-46.735,120
48.291,-45.143,120
47.08,-43.551,120
45.869,-41.959,120
44.659,-40.367,120
43.448,-38.775,120
42.237,-37.183,120
41.026,-35.591,120
39.816,-34,120
38.605,-32.408,120
37.394,-30.816,120
36.183,-29.224,120
34.973,-27.632,120
33.762,-26.04,120
32.551,-24.448,120
31.34,-22.856,120
30.13,-21.264,120
28.919,-19.673,120
27.708,-18.081,120
26.498,-16.489,120
25.287,-14.897,120
24.076,-13.305,120
22.865,-11.713,120
21.655,-10.121,120
20.806,-9.006,120,0
20.806,-9.006,0,0
#PATH-POINTS-START Path
44.11,-34.527,120,0
45.103,-36.263,120
46.097,-37.998,120
47.09,-39.734,120
48.083,-41.47,120
49.077,-43.206,120
50.07,-44.942,120
51.063,-46.678,120
52.056,-48.414,120
53.05,-50.15,120
54.043,-51.886,120
55.036,-53.622,120
56.03,-55.358,120
57.023,-57.094,120
58.016,-58.829,120
59.009,-60.565,120
60.003,-62.301,120
60.996,-64.037,120
61.989,-65.773,120
62.982,-67.509,120
63.976,-69.245,120
64.969,-70.981,120
65.962,-72.717,120
66.956,-74.453,120
67.949,-76.189,120
68.942,-77.925,120
69.935,-79.66,120
70.929,-81.396,120
71.922,-83.132,120
72.915,-84.868,120
73.909,-86.604,120
74.902,-88.34,120
75.895,-90.076,120
76.888,-91.812,120
77.882,-93.548,120
78.875,-95.284,120
79.868,-97.02,120
80.861,-98.755,120
81.855,-100.491,120
82.848,-102.227,120
83.841,-103.963,120
84.835,-105.699,120
85.828,-107.435,120
86.821,-109.171,120
87.814,-110.907,120
88.808,-112.643,120
89.801,-114.379,120
90.794,-116.115,120
91.788,-117.851,120
92.781,-119.586,120
93.774,-121.322,120
94.767,-123.058,120
95.761,-124.794,120
96.754,-126.53,120
97.747,-128.266,120
98.74,-130.002,120
99.734,-131.738,120
100.727,-133.474,120
101.72,-135.21,120
102.714,-136.946,120
103.707,-138.682,120
104.7,-140.417,120
105.693,-142.153,120
106.687,-143.889,120
107.68,-145.625,120
108.673,-147.361,120
109.667,-149.097,120
110.566,-150.668,120,0
110.566,-150.668,0,0
#PATH-POINTS-START Path
110.566,-150.047,120,0
112.133,-148.805,120
113.7,-147.562,120
115.267,-146.319,120
116.834,-145.076,120
118.401,-143.833,120
119.968,-142.591,120
121.535,-141.348,120
123.102,-140.105,120
124.669,-138.862,120
126.236,-137.619,120
127.803,-136.377,120
129.37,-135.134,120
130.937,-133.891,120
132.504,-132.648,120
134.071,-131.406,120
135.638,-130.163,120
137.205,-128.92,120
138.772,-127.677,120
140.339,-126.434,120
141.906,-125.192,120
143.473,-123.949,120
145.04,-122.706,120
146.588,-121.478,120,0
146.588,-121.478,0,0
#PATH-POINTS-START Path
145.967,-120.857,120,0
147.381,-119.442,120
148.796,-118.028,120
150.21,-116.614,120
151.624,-115.2,120
153.038,-113.786,120
154.452,-112.371,120
155.867,-110.957,120
157.281,-109.543,120
157.768,-109.056,120,0
157.768,-109.056,0,0
#PATH-POINTS-START Path
158.389,-109.677,120,0
158.414,-107.677,120
158.439,-105.678,120
158.465,-103.678,120
158.49,-101.678,120
158.515,-99.678,120
158.541,-97.678,120
158.566,-95.678,120
158.591,-93.679,120
158.617,-91.679,120
158.642,-89.679,120
158.667,-87.679,120
158.693,-85.679,120
158.718,-83.679,120
158.743,-81.679,120
158.769,-79.68,120
158.794,-77.68,120
158.819,-75.68,120
158.844,-73.68,120
158.87,-71.68,120
158.895,-69.68,120
158.92,-67.681,120
158.946,-65.681,120
158.971,-63.681,120
158.996,-61.681,120
159.01,-60.612,120,0
159.01,-60.612,0,0
#PATH-POINTS-START Path
159.01,-59.37,120,0
159.01,-61.37,120
159.01,-63.37,120
159.01,-65.37,120
159.01,-67.37,120
159.01,-69.37,120
159.01,-71.37,120
159.01,-73.37,120
159.01,-75.37,120
159.01,-77.37,120
159.01,-79.37,120
159.01,-81.37,120
159.01,-83.37,120
159.01,-85.37,120
159.01,-87.37,120
159.01,-89.37,120
159.01,-91.37,120
159.01,-93.37,120
159.01,-95.37,120
159.01,-97.37,120
159.01,-99.37,120
159.01,-101.37,120
159.01,-103.37,120
159.01,-105.37,120
159.01,-107.37,120
159.01,-109.056,120,0
159.01,-109.056,0,0
#PATH-POINTS-START Path
159.631,-111.54,120,0
157.734,-110.905,120
155.838,-110.27,120
153.942,-109.635,120
152.045,-109,120
150.149,-108.365,120
148.252,-107.73,120
146.356,-107.095,120
144.459,-106.46,120
142.563,-105.825,120
140.666,-105.189,120
138.77,-104.554,120
136.873,-103.919,120
134.977,-103.284,120
133.08,-102.649,120
131.184,-102.014,120
129.287,-101.379,120
127.391,-100.744,120
125.494,-100.109,120
123.598,-99.474,120
121.701,-98.838,120
119.805,-98.203,120
117.908,-97.568,120
116.012,-96.933,120
114.115,-96.298,120
112.219,-95.663,120
110.322,-95.028,120
108.426,-94.393,120
106.529,-93.758,120
104.633,-93.123,120
102.736,-92.487,120
100.84,-91.852,120
98.944,-91.217,120
97.047,-90.582,120
95.151,-89.947,120
93.254,-89.312,120
91.358,-88.677,120
89.461,-88.042,120
87.565,-87.407,120
85.668,-86.772,120
83.772,-86.136,120
81.875,-85.501,120
79.979,-84.866,120
78.082,-84.231,120
76.186,-83.596,120
74.289,-82.961,120
72.393,-82.326,120
70.496,-81.691,120
68.6,-81.056,120
66.703,-80.421,120
64.807,-79.785,120
62.91,-79.15,120
61.014,-78.515,120
59.117,-77.88,120
57.221,-77.245,120
55.324,-76.61,120
53.428,-75.975,120
51.531,-75.34,120
49.635,-74.705,120
47.738,-74.069,120
45.842,-73.434,120
43.946,-72.799,120
42.049,-72.164,120
40.153,-71.529,120
38.256,-70.894,120
36.36,-70.259,120
34.463,-69.624,120
32.567,-68.989,120
30.67,-68.354,120
28.774,-67.718,120
26.099,-66.823,120,0
26.099,-66.823,0,0
#PATH-POINTS-START Path
26.099,-66.823,120,0
26.004,-64.825,120
25.909,-62.827,120
25.814,-60.83,120
25.718,-58.832,120
25.623,-56.834,120
25.528,-54.836,120
25.433,-52.839,120
25.338,-50.841,120
25.243,-48.843,120
25.148,-46.845,120
25.052,-44.848,120
24.957,-42.85,120
24.862,-40.852,120
24.767,-38.854,120
24.672,-36.857,120
24.577,-34.859,120
24.482,-32.861,120
24.387,-30.864,120
24.291,-28.866,120
24.236,-27.695,120,0
24.236,-27.695,0,0
#PATH-POINTS-START Path
24.857,-28.316,120,0
26.857,-28.316,120
28.857,-28.316,120
30.857,-28.316,120
32.857,-28.316,120
34.857,-28.316,120
36.857,-28.316,120
38.857,-28.316,120
40.857,-28.316,120
42.857,-28.316,120
44.857,-28.316,120
46.857,-28.316,120
48.857,-28.316,120
50.857,-28.316,120
52.857,-28.316,120
54.857,-28.316,120
56.857,-28.316,120
58.857,-28.316,120
60.857,-28.316,120
62.857,-28.316,120
64.857,-28.316,120
66.857,-28.316,120
68.857,-28.316,120
70.857,-28.316,120
72.857,-28.316,120
74.857,-28.316,120
76.857,-28.316,120
78.857,-28.316,120
80.857,-28.316,120
82.857,-28.316,120
84.857,-28.316,120
86.857,-28.316,120
88.857,-28.316,120
90.857,-28.316,120
92.857,-28.316,120
94.857,-28.316,120
96.857,-28.316,120
98.857,-28.316,120
100.857,-28.316,120
102.857,-28.316,120
104.857,-28.316,120
106.857,-28.316,120
108.857,-28.316,120
110.857,-28.316,120
112.857,-28.316,120
114.857,-28.316,120
116.857,-28.316,120
118.857,-28.316,120
119.882,-28.316,120,0
119.882,-28.316,0,0
#PATH.JERRYIO-DATA {"appVersion":"0.5.1","format":"path.jerryio v0.1.x (cm, rpm)","gc":{"robotWidth":30,"robotHeight":30,"robotIsHolonomic":false,"showRobot":false,"uol":1,"pointDensity":2,"controlMagnetDistance":5,"fieldImage":{"displayName":"VRC 2024 - Over Under","signature":"VRC 2024 - Over Under","origin":{"__type":"built-in"}}},"paths":[{"segments":[{"controls":[{"uid":"jQc3VnqlNn","x":76.70328836424959,"y":-141.29553119730187,"lock":false,"visible":true,"heading":0,"__type":"end-point"},{"uid":"o2YNWNrdwj","x":79.18760539629005,"y":-127.63178752107927,"lock":false,"visible":true,"__type":"control"},{"uid":"MLMEjdxL0s","x":89.12487352445194,"y":-92.23026981450253,"lock":false,"visible":true,"__type":"control"},{"uid":"EL5PgFAiIb","x":55.58659359190557,"y":-52.481197301854976,"lock":false,"visible":true,"heading":0,"__type":"end-point"}],"speedProfiles":[],"lookaheadKeyframes":[],"uid":"oIq7x6zp5o"}],"pc":{"speedLimit":{"minLimit":{"value":0,"label":"0"},"maxLimit":{"value":600,"label":"600"},"step":1,"from":40,"to":120},"bentRateApplicableRange":{"minLimit":{"value":0,"label":"0"},"maxLimit":{"value":4,"label":"4"},"step":0.01,"from":1.4,"to":1.8}},"name":"Path","uid":"7WjONt8IEt","lock":true,"visible":false},{"segments":[{"controls":[{"uid":"KtqcDqNVac","x":54.344435075885336,"y":-53.102276559865096,"lock":false,"visible":true,"heading":0,"__type":"end-point"},{"uid":"DU4Nx2teba","x":20.806155143338955,"y":-9.005649241146713,"lock":false,"visible":true,"heading":0,"__type":"end-point"}],"speedProfiles":[],"lookaheadKeyframes":[],"uid":"czuDm2qwNE"}],"pc":{"speedLimit":{"minLimit":{"value":0,"label":"0"},"maxLimit":{"value":600,"label":"600"},"step":1,"from":40,"to":120},"bentRateApplicableRange":{"minLimit":{"value":0,"label":"0"},"maxLimit":{"value":4,"label":"4"},"step":0.01,"from":1.4,"to":1.8}},"name":"Path","uid":"4uXbywBLUn","lock":true,"visible":false},{"segments":[{"controls":[{"uid":"Us8g2ihBoG","x":44.1102090601218,"y":-34.5266394379375,"lock":false,"visible":true,"heading":0,"__type":"end-point"},{"uid":"cGcmSH5Mux","x":110.56568966720444,"y":-150.6684606858296,"lock":false,"visible":true,"heading":0,"__type":"end-point"}],"speedProfiles":[],"lookaheadKeyframes":[],"uid":"DHVKM530YH"}],"pc":{"speedLimit":{"minLimit":{"value":0,"label":"0"},"maxLimit":{"value":600,"label":"600"},"step":1,"from":40,"to":120},"bentRateApplicableRange":{"minLimit":{"value":0,"label":"0"},"maxLimit":{"value":4,"label":"4"},"step":0.01,"from":1.4,"to":1.8}},"name":"Path","uid":"lZbBdByODu","lock":true,"visible":false},{"segments":[{"controls":[{"uid":"zB7ExDITeT","x":110.56568966720444,"y":-150.04738142781946,"lock":false,"visible":true,"heading":0,"__type":"end-point"},{"uid":"fcqEEBIfdR","x":146.58828663179128,"y":-121.47773555935403,"lock":false,"visible":true,"heading":0,"__type":"end-point"}],"speedProfiles":[],"lookaheadKeyframes":[],"uid":"JSEJsl9wgE"}],"pc":{"speedLimit":{"minLimit":{"value":0,"label":"0"},"maxLimit":{"value":600,"label":"600"},"step":1,"from":40,"to":120},"bentRateApplicableRange":{"minLimit":{"value":0,"label":"0"},"maxLimit":{"value":4,"label":"4"},"step":0.01,"from":1.4,"to":1.8}},"name":"Path","uid":"8IatIFfEbO","lock":false,"visible":true},{"segments":[{"controls":[{"uid":"cE0rnkBaDP","x":145.96720737378118,"y":-120.8566563013439,"lock":false,"visible":true,"heading":0,"__type":"end-point"},{"uid":"afrVLZMsB3","x":157.76771327597342,"y":-109.05615039915166,"lock":false,"visible":true,"heading":0,"__type":"end-point"}],"speedProfiles":[],"lookaheadKeyframes":[],"uid":"d3U3KY5TBQ"}],"pc":{"speedLimit":{"minLimit":{"value":0,"label":"0"},"maxLimit":{"value":600,"label":"600"},"step":1,"from":40,"to":120},"bentRateApplicableRange":{"minLimit":{"value":0,"label":"0"},"maxLimit":{"value":4,"label":"4"},"step":0.01,"from":1.4,"to":1.8}},"name":"Path","uid":"pSz9lzoLRQ","lock":false,"visible":true},{"segments":[{"controls":[{"uid":"6cSavTiUph","x":158.38879253398352,"y":-109.67722965716179,"lock":false,"visible":true,"heading":0,"__type":"end-point"},{"uid":"UZgc4WOVUE","x":159.00987179199365,"y":-60.611968274362454,"lock":false,"visible":true,"heading":0,"__type":"end-point"}],"speedProfiles":[],"lookaheadKeyframes":[],"uid":"KoPyC2Wtke"}],"pc":{"speedLimit":{"minLimit":{"value":0,"label":"0"},"maxLimit":{"value":600,"label":"600"},"step":1,"from":40,"to":120},"bentRateApplicableRange":{"minLimit":{"value":0,"label":"0"},"maxLimit":{"value":4,"label":"4"},"step":0.01,"from":1.4,"to":1.8}},"name":"Path","uid":"O7cTy6JPEZ","lock":false,"visible":true},{"segments":[{"controls":[{"uid":"zOlQSahsrI","x":159.00987179199365,"y":-59.36980975834222,"lock":false,"visible":true,"heading":0,"__type":"end-point"},{"uid":"9h1ndox3xL","x":159.00987179199365,"y":-109.05615039915166,"lock":false,"visible":true,"heading":0,"__type":"end-point"}],"speedProfiles":[],"lookaheadKeyframes":[],"uid":"3aqOhJwBrS"}],"pc":{"speedLimit":{"minLimit":{"value":0,"label":"0"},"maxLimit":{"value":600,"label":"600"},"step":1,"from":40,"to":120},"bentRateApplicableRange":{"minLimit":{"value":0,"label":"0"},"maxLimit":{"value":4,"label":"4"},"step":0.01,"from":1.4,"to":1.8}},"name":"Path","uid":"KzLXrGclE6","lock":false,"visible":true},{"segments":[{"controls":[{"uid":"HvVxXNkVtM","x":159.63095105000377,"y":-111.54046743119214,"lock":false,"visible":true,"heading":0,"__type":"end-point"},{"uid":"1hejAYVXoQ","x":26.098910577828374,"y":-66.82276085446364,"lock":false,"visible":true,"heading":0,"__type":"end-point"}],"speedProfiles":[],"lookaheadKeyframes":[],"uid":"JDsNigfQex"}],"pc":{"speedLimit":{"minLimit":{"value":0,"label":"0"},"maxLimit":{"value":600,"label":"600"},"step":1,"from":40,"to":120},"bentRateApplicableRange":{"minLimit":{"value":0,"label":"0"},"maxLimit":{"value":4,"label":"4"},"step":0.01,"from":1.4,"to":1.8}},"name":"Path","uid":"lQr8kzGLaQ","lock":false,"visible":true},{"segments":[{"controls":[{"uid":"qIc3t14oYM","x":26.098910577828374,"y":-66.82276085446364,"lock":false,"visible":true,"heading":0,"__type":"end-point"},{"uid":"WWLdjFX6il","x":24.235672803798018,"y":-27.694767599826196,"lock":false,"visible":true,"heading":0,"__type":"end-point"}],"speedProfiles":[],"lookaheadKeyframes":[],"uid":"DkbXVWqHej"}],"pc":{"speedLimit":{"minLimit":{"value":0,"label":"0"},"maxLimit":{"value":600,"label":"600"},"step":1,"from":40,"to":120},"bentRateApplicableRange":{"minLimit":{"value":0,"label":"0"},"maxLimit":{"value":4,"label":"4"},"step":0.01,"from":1.4,"to":1.8}},"name":"Path","uid":"fyAPjiC99r","lock":false,"visible":true},{"segments":[{"controls":[{"uid":"uaM9MLSz0J","x":24.856752061808137,"y":-28.315846857836313,"lock":false,"visible":true,"heading":0,"__type":"end-point"},{"uid":"mkCcXXU1vD","x":119.8818785373562,"y":-28.315846857836313,"lock":false,"visible":true,"heading":0,"__type":"end-point"}],"speedProfiles":[],"lookaheadKeyframes":[],"uid":"y0UIe0tfsa"}],"pc":{"speedLimit":{"minLimit":{"value":0,"label":"0"},"maxLimit":{"value":600,"label":"600"},"step":1,"from":40,"to":120},"bentRateApplicableRange":{"minLimit":{"value":0,"label":"0"},"maxLimit":{"value":4,"label":"4"},"step":0.01,"from":1.4,"to":1.8}},"name":"Path","uid":"MFkhxvkRpr","lock":false,"visible":true}]}