#PATH-POINTS-START Path
158.375,-105.273,120,0
157.279,-106.945,120
156.089,-108.553,120
154.819,-110.098,120
153.48,-111.583,120
152.08,-113.011,120
150.626,-114.384,120
149.126,-115.706,120
147.583,-116.979,120
146.004,-118.206,120
144.391,-119.389,120
142.749,-120.531,120
141.081,-121.634,120
139.388,-122.699,120
137.673,-123.727,120
135.938,-124.722,120
134.185,-125.684,120
132.414,-126.614,120
130.628,-127.513,120
128.827,-128.383,120
127.012,-129.223,120
125.184,-130.036,120
123.345,-130.821,120
121.495,-131.58,120
119.634,-132.312,120
117.763,-133.019,120
115.882,-133.701,120
113.993,-134.357,120
112.095,-134.989,120
110.19,-135.595,120
108.276,-136.178,120
106.356,-136.736,120
104.428,-137.27,120
102.494,-137.779,120
100.554,-138.263,120
98.607,-138.723,120
96.655,-139.158,120
94.698,-139.567,120
92.735,-139.951,120
90.767,-140.308,120
88.795,-140.639,120
86.818,-140.943,120
84.837,-141.218,120
82.852,-141.464,120
80.864,-141.68,120
78.872,-141.865,120,0
76.878,-142.018,120
74.883,-142.159,120
72.888,-142.291,120
70.891,-142.414,120
68.895,-142.529,120
66.898,-142.634,120
64.9,-142.731,120
62.902,-142.818,120
60.903,-142.897,120
58.905,-142.967,120
56.905,-143.027,120
54.906,-143.078,120
52.907,-143.121,120
50.907,-143.155,120
48.907,-143.18,120
46.907,-143.197,120
44.907,-143.206,120
42.907,-143.208,120
40.907,-143.202,120
38.907,-143.19,120
36.907,-143.172,120
34.907,-143.147,120
32.908,-143.118,120
30.908,-143.085,120
28.908,-143.047,120
26.909,-143.007,120
24.909,-142.964,120
22.91,-142.921,120
20.91,-142.876,120
18.911,-142.831,120
16.911,-142.787,120
14.911,-142.745,120
12.912,-142.705,120
10.912,-142.668,120
8.913,-142.634,120
6.913,-142.605,120
4.913,-142.58,120
2.913,-142.561,120
0.913,-142.547,120
-1.087,-142.539,120
-3.087,-142.519,120,0
-5.085,-142.446,120
-7.083,-142.359,120
-9.081,-142.258,120
-11.078,-142.145,120
-13.074,-142.022,120
-15.069,-141.889,120
-17.064,-141.747,120
-19.059,-141.597,120
-21.052,-141.438,120
-23.046,-141.272,120
-25.038,-141.099,120
-27.03,-140.918,120
-29.021,-140.73,120
-31.011,-140.535,120
-33.001,-140.334,120
-34.99,-140.126,120
-36.979,-139.912,120
-38.967,-139.691,120
-40.954,-139.463,120
-42.94,-139.229,120
-44.925,-138.989,120
-46.91,-138.741,120
-48.894,-138.487,120
-50.877,-138.226,120
-52.859,-137.958,120
-54.84,-137.683,120
-56.82,-137.401,120
-58.799,-137.112,120
-60.776,-136.814,120
-62.753,-136.509,120
-64.728,-136.195,120
-66.702,-135.873,120
-68.675,-135.543,120
-70.646,-135.202,120
-72.615,-134.853,120
-74.582,-134.493,120
-76.547,-134.122,120
-78.51,-133.74,120
-80.471,-133.345,120
-82.429,-132.938,120
-84.385,-132.518,120
-86.337,-132.082,120
-88.285,-131.63,120
-90.229,-131.161,120
-92.17,-130.678,120,0
-94.114,-130.209,120
-96.05,-129.708,120
-97.977,-129.174,120
-99.894,-128.603,120
-101.8,-127.995,120
-103.692,-127.348,120
-105.57,-126.659,120
-107.431,-125.928,120
-109.273,-125.15,120
-111.095,-124.325,120
-112.895,-123.452,120
-114.669,-122.53,120
-116.416,-121.556,120
-118.132,-120.529,120
-119.815,-119.449,120
-121.464,-118.316,120
-123.074,-117.13,120
-124.642,-115.889,120
-126.167,-114.596,120
-127.647,-113.251,120
-129.08,-111.856,120
-130.463,-110.411,120
-131.794,-108.918,120
-133.074,-107.381,120
-134.301,-105.802,120
-135.475,-104.183,120
-136.596,-102.527,120
-137.663,-100.836,120
-138.678,-99.112,120
-139.64,-97.359,120
-140.552,-95.579,120
-141.413,-93.774,120
-142.226,-91.947,120
-142.992,-90.099,120
-143.712,-88.234,120
-144.389,-86.352,120
-145.024,-84.455,120
-145.617,-82.545,120
-146.17,-80.623,120
-146.687,-78.691,120
-147.168,-76.75,120
-147.612,-74.8,120
-148.025,-72.843,120
-148.405,-70.88,120
-148.755,-68.91,120
-149.076,-66.936,120
-149.369,-64.958,120
-149.635,-62.976,120
-149.876,-60.99,120
-150.091,-59.002,120
-150.301,-56.829,120,0
-150.301,-56.829,0,0
#PATH-POINTS-START Path
-60.866,30.433,120,0
-61.297,32.386,120
-61.73,34.338,120
-62.165,36.29,120
-62.604,38.242,120
-63.046,40.192,120
-63.492,42.142,120
-63.941,44.091,120
-64.394,46.039,120
-64.852,47.986,120
-65.313,49.932,120
-65.78,51.877,120
-66.251,53.82,120
-66.727,55.763,120
-67.208,57.704,120
-67.695,59.644,120
-68.187,61.582,120
-68.685,63.519,120
-69.189,65.455,120
-69.7,67.389,120
-70.217,69.321,120
-70.74,71.251,120
-71.271,73.179,120
-71.809,75.106,120
-72.355,77.03,120
-72.908,78.952,120
-73.471,80.871,120
-74.041,82.788,120
-74.621,84.702,120
-75.21,86.613,120
-75.81,88.521,120
-76.419,90.426,120
-77.04,92.327,120
-77.672,94.225,120
-78.316,96.118,120
-78.974,98.007,120
-79.645,99.891,120
-80.33,101.77,120
-81.031,103.643,120
-81.747,105.51,120
-82.482,107.37,120
-83.236,109.223,120
-84.008,111.068,120
-84.803,112.903,120
-85.622,114.728,120
-86.466,116.541,120
-87.337,118.341,120
-88.238,120.127,120
-89.172,121.895,120
-90.144,123.643,120
-91.157,125.368,120
-92.215,127.064,120
-93.326,128.728,120
-94.494,130.351,120
-95.729,131.923,120
-97.042,133.432,120
-98.442,134.859,120
-100.017,136.073,120,0
-101.813,136.953,120
-103.688,137.645,120
-105.628,138.125,120
-107.611,138.373,120
-109.61,138.38,120
-111.595,138.143,120
-113.539,137.681,120
-115.424,137.015,120
-117.236,136.169,120
-118.968,135.171,120
-120.619,134.044,120
-122.192,132.808,120
-123.688,131.481,120
-125.111,130.076,120
-126.467,128.606,120
-127.76,127.081,120
-128.993,125.507,120
-130.172,123.891,120
-131.3,122.24,120
-132.38,120.557,120
-133.415,118.845,120
-134.408,117.109,120
-135.361,115.351,120
-136.276,113.573,120
-137.157,111.777,120
-138.004,109.965,120
-138.817,108.138,120
-139.601,106.298,120
-140.356,104.446,120
-141.082,102.583,120
-141.782,100.709,120
-142.458,98.827,120
-143.107,96.935,120
-143.734,95.036,120
-144.336,93.129,120
-144.918,91.215,120
-145.477,89.295,120
-146.016,87.369,120
-146.535,85.437,120
-147.034,83.501,120
-147.515,81.559,120
-147.976,79.613,120
-148.42,77.663,120
-148.846,75.709,120
-149.255,73.751,120
-149.647,71.79,120
-150.301,68.319,120,0
-150.301,68.319,0,0
#PATH.JERRYIO-DATA {"appVersion":"0.5.1","format":"path.jerryio v0.1.x (cm, rpm)","gc":{"robotWidth":48,"robotHeight":52,"robotIsHolonomic":false,"showRobot":true,"uol":1,"pointDensity":2,"controlMagnetDistance":5,"fieldImage":{"displayName":"VRC 2024 - Over Under","signature":"VRC 2024 - Over Under","origin":{"__type":"built-in"}}},"paths":[{"segments":[{"controls":[{"uid":"QoRgwPNaoS","x":158.3752107925801,"y":-105.27293423271502,"lock":false,"visible":true,"heading":0,"__type":"end-point"},{"uid":"rr6E0opJer","x":146.57470489038786,"y":-124.52639123102867,"lock":false,"visible":true,"__type":"control"},{"uid":"oK3apoFy0i","x":109.30994940978078,"y":-139.43229342327152,"lock":false,"visible":true,"__type":"control"},{"uid":"8bd4hamaCj","x":78.25598650927488,"y":-141.916610455312,"lock":false,"visible":true,"heading":0,"__type":"end-point"}],"speedProfiles":[],"lookaheadKeyframes":[],"uid":"mFuNIjVNHm"},{"controls":[{"uid":"8bd4hamaCj","x":78.25598650927488,"y":-141.916610455312,"lock":false,"visible":true,"heading":0,"__type":"end-point"},{"uid":"JEWyPQXexD","x":45.338785834738616,"y":-144.40092748735248,"lock":false,"visible":true,"__type":"control"},{"uid":"B1p5IM1Bbh","x":24.843170320404724,"y":-142.5376897133221,"lock":false,"visible":true,"__type":"control"},{"uid":"po2W7RuBpx","x":-2.4843170320404724,"y":-142.5376897133221,"lock":false,"visible":true,"heading":0,"__type":"end-point"}],"speedProfiles":[],"lookaheadKeyframes":[],"uid":"p2T5LbaWaW"},{"controls":[{"uid":"po2W7RuBpx","x":-2.4843170320404724,"y":-142.5376897133221,"lock":false,"visible":true,"heading":0,"__type":"end-point"},{"uid":"EC8tdThMOU","x":-23.601011804384484,"y":-141.91661045531197,"lock":false,"visible":true,"__type":"control"},{"uid":"vnd44eelBb","x":-65.21332209106241,"y":-137.56905564924116,"lock":false,"visible":true,"__type":"control"},{"uid":"QKXQcxF9kP","x":-91.91973018549749,"y":-130.73718381112985,"lock":false,"visible":true,"heading":0,"__type":"end-point"}],"speedProfiles":[],"lookaheadKeyframes":[],"uid":"v7GH0eCj9Y"},{"controls":[{"uid":"QKXQcxF9kP","x":-91.91973018549749,"y":-130.73718381112985,"lock":false,"visible":true,"heading":0,"__type":"end-point"},{"uid":"ZTpsRTbFQ8","x":-124.21585160202362,"y":-123.28423271500844,"lock":false,"visible":true,"__type":"control"},{"uid":"KXDH8eDEey","x":-145.95362563237776,"y":-105.27293423271502,"lock":false,"visible":true,"__type":"control"},{"uid":"QWwjlJNkZg","x":-150.30118043844857,"y":-56.82875210792581,"lock":false,"visible":true,"heading":0,"__type":"end-point"}],"speedProfiles":[],"lookaheadKeyframes":[],"uid":"tTRQ50R4PF"}],"pc":{"speedLimit":{"minLimit":{"value":0,"label":"0"},"maxLimit":{"value":600,"label":"600"},"step":1,"from":40,"to":120},"bentRateApplicableRange":{"minLimit":{"value":0,"label":"0"},"maxLimit":{"value":4,"label":"4"},"step":0.01,"from":1.4,"to":1.8}},"name":"Path","uid":"FbvaMegcCA","lock":false,"visible":true},{"segments":[{"controls":[{"uid":"IjI8uoZn9X","x":-60.86576728499158,"y":30.43288364249579,"lock":false,"visible":true,"heading":0,"__type":"end-point"},{"uid":"xBVGAVJmJ7","x":-67.69763912310287,"y":61.48684654300169,"lock":false,"visible":true,"__type":"control"},{"uid":"uBy8jJDbUQ","x":-81.36138279932547,"y":120.17883642495786,"lock":false,"visible":true,"__type":"control"},{"uid":"biwaIucX7R","x":-99.3726812816189,"y":135.7058178752108,"lock":false,"visible":true,"heading":0,"__type":"end-point"}],"speedProfiles":[],"lookaheadKeyframes":[],"uid":"kkZCyitdIN"},{"controls":[{"uid":"biwaIucX7R","x":-99.3726812816189,"y":135.7058178752108,"lock":false,"visible":true,"heading":0,"__type":"end-point"},{"uid":"NINBUzt4hJ","x":-119.24721753794267,"y":147.50632377740305,"lock":false,"visible":true,"__type":"control"},{"uid":"LL1kYufCCb","x":-140.9849915682968,"y":119.86829679595279,"lock":false,"visible":true,"__type":"control"},{"uid":"wCKhMMGV6f","x":-150.30118043844857,"y":68.31871838111299,"lock":false,"visible":true,"heading":0,"__type":"end-point"}],"speedProfiles":[],"lookaheadKeyframes":[],"uid":"8HN3jxgqXV"}],"pc":{"speedLimit":{"minLimit":{"value":0,"label":"0"},"maxLimit":{"value":600,"label":"600"},"step":1,"from":40,"to":120},"bentRateApplicableRange":{"minLimit":{"value":0,"label":"0"},"maxLimit":{"value":4,"label":"4"},"step":0.01,"from":1.4,"to":1.8}},"name":"Path","uid":"u7923mBmYp","lock":false,"visible":true}]}